@attribute 'handicapped-infants' 0
@attribute 'water-project-cost-sharing' 1
@attribute 'adoption-of-the-budget-resolution' 2
@attribute 'physician-fee-freeze' 3
@attribute 'el-salvador-aid' 4
@attribute 'religious-groups-in-schools' 5
@attribute 'anti-satellite-test-ban' 6
@attribute 'aid-to-nicaraguan-contras' 7
@attribute 'mx-missile' 8
@attribute 'immigration' 9
@attribute 'synfuels-corporation-cutback' 10
@attribute 'education-spending' 11
@attribute 'superfund-right-to-sue' 12
@attribute 'crime' 13
@attribute 'duty-free-exports' 14
@attribute 'export-administration-act-south-africa' 15
@attribute 'democrat' 16
@attribute 'republican' 17

1 3 4 5 9 11 12 13 15 17
1 3 4 5 11 12 13 17
1 2 4 5 10 12 13 16
1 2 5 10 12 15 16
0 1 2 4 5 10 12 13 14 15 16
1 2 4 5 12 13 14 15 16
1 3 4 5 13 14 15 16
1 3 4 5 12 13 15 17
1 3 4 5 11 12 13 15 17
0 1 2 6 7 8 16
1 3 4 12 13 17
1 3 4 5 10 12 13 17
1 2 6 7 8 12 16
0 1 2 5 6 7 9 10 14 16
1 3 4 5 11 17
1 3 4 5 9 11 12 17
0 2 5 7 9 10 11 15 16
0 2 6 7 8 12 14 15 16
1 3 4 5 12 13 17
0 1 2 6 7 8 10 14 15 16
0 1 2 6 7 10 14 15 16
0 1 2 6 7 8 14 15 16
0 2 6 7 8 14 15 16
0 1 2 6 7 8 14 15 16
0 2 6 7 8 14 16
0 2 6 7 8 9 14 15 16
0 2 6 7 8 10 14 15 16
0 1 2 6 7 8 10 14 15 16
0 3 4 6 7 8 11 12 13 15 17
0 1 2 6 7 8 10 14 15 16
1 3 4 5 11 12 13 17
0 1 2 6 7 8 10 14 16
0 1 2 6 7 8 9 12 14 15 16
1 3 4 5 11 12 13 15 17
0 1 2 6 7 8 14 15 16
1 3 4 5 11 12 13 17
0 3 4 5 9 11 13 15 17
0 1 3 4 5 12 13 15 17
1 3 4 5 9 11 12 13 17
0 2 6 7 8 9 10 12 14 15 16
0 1 2 6 7 8 16
0 1 2 6 7 8 14 16
0 2 6 7 8 15 16
0 2 6 7 8 14 15 16
0 1 2 6 7 8 10 16
0 1 2 6 7 10 14 16
0 1 2 6 7 8 15 16
0 2 6 7 16
0 1 2 6 7 13 15 16
3 4 5 11 12 13 17
0 1 2 6 7 8 10 14 15 16
1 3 4 5 11 12 13 15 17
0 1 2 6 7 8 16
0 1 3 4 5 9 11 12 13 17
0 1 2 5 7 10 11 13 16
1 3 4 5 9 10 11 12 13 17
1 3 4 5 9 10 11 12 13 15 17
1 3 4 5 9 11 12 13 15 17
1 3 4 5 9 11 12 13 15 17
1 3 4 5 9 11 12 13 17
0 1 2 6 7 8 9 14 16
1 3 4 5 11 12 13 17
0 1 2 6 7 8 16
0 1 2 6 7 8 10 15 16
0 1 2 6 7 8 10 15 16
0 1 3 4 5 6 11 12 13 15 17
1 3 4 5 6 10 11 12 13 15 17
1 3 4 5 9 11 12 13 17
0 2 6 7 8 12 14 15 16
0 1 2 6 7 8 14 15 16
0 2 6 7 8 12 14 16
0 1 2 3 6 7 8 9 10 13 15 17
0 1 2 6 7 8 10 14 16
0 2 3 4 6 8 9 12 13 15 17
0 2 5 6 7 8 9 10 13 14 15 16
1 2 3 4 5 9 10 12 13 16
1 2 4 5 9 10 11 12 13 16
1 2 3 4 5 7 8 9 10 11 12 13 15 16
0 1 2 4 5 9 10 12 13 15 16
3 4 9 11 12 13 17
0 2 5 6 7 8 9 11 13 16
0 2 6 7 9 10 11 13 15 16
3 4 5 9 11 12 13 15 17
3 4 5 11 12 13 17
3 4 5 9 11 12 13 17
2 4 5 9 10 11 12 13 15 16
3 4 5 9 11 12 13 17
3 4 5 11 12 13 17
1 2 4 5 6 8 9 10 12 13 15 16
3 4 5 9 12 13 17
0 2 6 7 8 9 14 15 16
0 2 6 7 8 9 10 14 15 16
0 1 2 6 7 9 10 14 15 16
0 2 6 8 9 10 14 15 16
0 2 4 5 15 16
0 2 4 5 10 14 15 16
4 5 10 11 12 13 15 16
0 4 5 6 9 10 13 15 16
0 1 2 5 6 7 8 9 15 16
3 4 5 9 11 12 13 17
0 4 5 10 11 13 15 16
0 2 4 5 6 10 13 15 16
0 2 4 5 6 10 12 13 14 16
0 4 5 13 16
5 6 7 8 9 12 13 16
0 1 2 7 8 10 14 15 16
1 3 4 5 11 12 13 15 17
13 17
0 2 6 7 8 14 16
0 2 6 7 8 14 16
2 6 7 8 9 14 15 16
3 4 5 9 11 12 13 15 17
2 5 6 7 9 14 16
3 4 5 9 11 12 13 17
0 2 6 7 8 14 16
2 6 7 8 9 14 15 16
0 2 6 7 8 10 14 15 16
0 1 2 3 4 6 11 12 13 15 17
1 2 7 8 9 10 14 15 16
3 4 5 11 12 13 17
3 4 5 9 11 12 13 15 17
3 4 5 9 11 12 13 15 17
3 4 5 9 11 13 15 17
0 3 4 5 7 11 12 13 15 17
2 6 7 8 14 15 16
3 4 5 9 11 12 13 15 17
3 4 5 11 12 13 17
2 6 7 8 9 10 13 14 15 16
2 5 7 9 10 14 15 16
2 6 7 16
0 2 6 7 8 14 16
2 5 7 8 9 13 15 16
3 4 5 9 11 12 13 17
3 4 5 9 11 12 13 15 17
3 4 5 11 12 13 17
3 4 5 9 11 12 13 17
1 3 4 5 9 10 11 12 15 17
2 5 6 7 8 9 13 14 15 16
2 5 6 7 8 9 13 15 16
0 2 5 6 7 8 14 15 16
3 6 7 8 9 12 13 15 17
3 4 5 6 7 8 9 11 12 13 15 17
3 4 5 6 7 8 9 11 12 13 15 17
1 6 7 8 9 10 13 14 15 16
5 6 7 8 9 13 16
2 5 6 7 8 9 13 15 16
1 3 4 5 11 12 13 15 17
6 7 8 9 11 12 13 14 15 16
1 3 4 5 9 10 11 12 13 15 17
2 6 7 8 9 12 14 15 16
0 1 3 4 5 9 11 12 13 15 17
0 1 3 4 5 8 10 12 13 16
1 2 5 7 8 9 10 12 14 15 16
2 5 6 7 8 9 10 12 13 15 16
1 3 4 5 11 12 13 17
0 1 3 4 5 10 11 12 13 17
0 1 3 4 5 6 11 12 13 17
1 2 5 7 8 10 16
1 3 4 5 9 11 12 13 17
1 2 5 6 7 8 9 10 16
1 4 5 11 12 13 14 15 16
4 5 6 11 12 13 15 16
1 2 4 5 6 10 11 12 13 15 16
1 3 4 5 6 11 12 13 15 17
0 1 4 5 9 10 11 12 13 16
1 2 5 6 7 8 9 10 12 14 16
0 2 3 4 5 6 7 9 11 13 14 15 17
0 2 3 4 5 6 7 9 10 11 13 14 15 17
2 3 4 5 8 12 13 14 16
0 2 6 7 8 9 10 13 15 16
0 2 7 8 14 16
3 4 5 9 11 12 13 15 17
1 2 6 7 8 9 14 15 16
4 5 9 10 11 12 13 15 16
0 2 6 7 8 14 16
1 2 6 7 8 9 14 15 16
2 3 6 7 8 9 13 14 15 17
2 6 7 8 9 10 14 15 16
2 6 7 8 9 10 14 16
0 2 6 7 8 9 14 15 16
2 6 7 8 16
2 6 7 8 9 10 14 15 16
0 2 6 7 8 14 15 16
8 16
2 6 7 8 9 10 14 15 16
0 2 6 7 8 9 14 15 16
1 2 6 7 8 9 10 14 15 16
0 2 6 7 8 14 16
0 3 4 5 6 7 11 13 17
0 2 6 7 8 14 15 16
3 4 5 11 12 13 17
1 3 4 5 9 11 12 13 17
5 6 7 8 10 13 14 15 16
2 6 7 8 14 15 16
2 5 6 8 9 10 14 15 16
3 4 5 11 12 13 17
2 5 6 7 8 10 11 13 14 16
2 3 4 5 9 13 15 17
2 6 7 8 9 10 14 16
0 1 6 7 10 14 16
2 6 7 8 13 14 15 16
0 1 2 6 7 8 14 15 16
0 2 5 6 7 8 9 10 14 15 16
0 2 6 7 8 9 14 15 16
2 3 4 5 6 11 12 13 15 17
2 5 6 7 8 9 11 15 16
3 4 5 9 11 13 15 17
0 3 4 5 6 9 11 12 13 15 17
2 6 7 8 14 15 16
0 1 2 6 7 8 9 10 15 16
2 5 6 7 8 14 15 16
1 3 4 5 9 11 12 13 15 17
2 6 7 8 10 14 15 16
1 2 5 7 8 10 12 14 15 16
0 1 3 4 5 9 11 12 13 15 17
1 2 3 4 5 9 10 11 12 13 14 16
0 1 2 4 5 9 13 14 16
1 3 4 5 9 11 12 13 17
0 2 6 7 8 14 16
1 2 7 8 10 13 14 15 16
2 6 7 8 14 16
1 2 4 5 10 14 16
0 2 6 7 8 10 14 16
3 4 11 12 13 15 17
1 3 4 5 9 12 13 17
3 4 5 11 12 13 15 17
2 5 6 7 8 10 13 14 15 16
0 2 6 7 8 15 16
1 3 4 5 11 12 15 17
1 2 3 4 5 6 8 9 11 12 13 15 17
1 3 4 5 11 12 13 15 17
1 3 4 5 8 9 11 12 13 15 17
1 2 6 7 10 14 16
1 3 4 5 9 11 12 13 15 17
2 5 6 7 8 9 11 13 14 16
3 4 5 9 11 13 15 17
2 6 7 8 14 15 16
0 2 5 6 7 11 12 15 16
0 1 2 6 7 9 14 16
3 4 5 6 9 13 14 15 17
3 5 6 8 11 12 13 15 17
0 2 6 7 8 9 10 13 14 15 16
4 5 6 13 14 15 17
1 2 6 7 9 12 14 15 16
0 2 7 8 9 14 15 16
0 2 6 7 8 9 10 14 15 16
2 4 6 7 8 13 15 16
1 3 4 5 12 13 17
17
0 2 6 7 10 14 15 16
1 3 4 5 11 12 13 17
1 3 4 5 11 12 13 17
0 1 2 5 6 7 8 14 15 16
1 3 4 5 11 12 13 15 17
0 2 6 7 8 9 15 16
0 2 6 7 8 9 13 14 15 16
3 4 11 13 17
3 4 11 13 15 17
2 6 7 8 10 14 15 16
0 2 6 7 8 15 16
0 2 6 7 8 9 15 16
0 2 6 7 8 16
0 2 6 7 8 9 14 15 16
0 2 6 7 8 14 16
0 2 6 7 8 14 16
0 2 6 7 8 9 15 16
3 4 5 9 11 13 15 17
0 6 7 8 9 13 15 17
0 2 6 7 8 14 16
0 2 6 7 8 15 16
0 1 2 6 7 8 14 15 16
1 2 5 6 7 8 15 16
0 2 6 7 8 9 14 16
3 4 6 7 9 11 12 13 15 17
0 3 4 6 9 13 14 15 17
2 4 5 12 13 16
3 4 5 11 12 13 14 17
2 3 4 5 6 7 9 13 15 17
3 4 5 11 12 13 15 17
3 4 5 9 11 12 13 17
2 6 7 8 9 13 15 16
0 2 3 4 5 6 7 13 17
0 3 4 5 9 12 13 17
3 4 5 11 12 13 15 17
2 5 6 7 8 9 10 15 16
2 5 6 7 8 9 10 14 15 16
2 5 7 9 10 11 13 14 16
0 1 2 5 6 7 8 10 12 15 16
0 1 2 4 5 7 9 10 12 13 14 15 16
0 1 2 4 5 7 9 10 12 13 16
0 2 5 7 8 9 12 13 15 16
0 2 5 6 7 8 9 13 15 16
0 2 5 6 7 9 10 12 13 14 15 16
0 1 2 5 6 7 8 9 10 12 13 14 15 16
1 2 5 6 7 9 10 12 13 16
1 3 4 5 9 11 17
2 3 4 5 9 11 12 13 14 15 17
0 1 2 5 6 7 8 9 14 16
1 6 7 8 9 10 14 15 16
1 2 5 6 7 8 9 12 13 14 15 16
3 4 6 7 8 9 11 12 13 15 17
5 6 7 8 14 15 16
3 4 5 6 9 11 12 13 15 17
3 4 5 11 12 13 17
1 3 4 5 9 11 12 13 17
3 4 5 9 11 12 13 17
3 4 5 11 12 13 17
0 2 5 6 7 8 13 16
3 4 5 9 11 12 13 17
0 5 6 7 8 9 13 14 15 16
3 4 5 9 11 12 13 14 17
2 5 6 7 8 9 12 15 16
0 1 2 6 7 8 9 14 15 16
1 2 3 4 5 9 11 12 13 15 17
1 3 4 5 6 7 10 11 12 13 14 15 17
1 2 3 4 5 6 14 17
5 7 8 10 11 12 13 14 16
0 6 7 8 9 14 15 16
2 6 7 8 14 16
0 2 6 7 8 14 16
1 2 5 7 8 9 12 13 15 16
0 1 2 6 7 8 9 12 15 16
0 1 2 5 10 12 13 16
0 1 2 4 5 7 9 12 13 16
1 3 4 5 10 11 12 13 17
1 4 5 11 12 13 15 16
0 1 3 6 7 8 10 13 15 16
1 3 4 5 11 12 13 15 17
0 1 2 6 7 8 10 15 16
0 2 5 6 7 8 9 14 16
1 3 4 5 9 11 12 13 17
0 2 6 7 8 14 16
0 2 6 7 8 10 14 16
2 6 7 8 14 15 16
1 2 5 6 7 10 11 14 15 16
3 4 5 9 10 11 12 13 17
2 5 6 7 10 13 15 16
0 2 6 7 8 14 15 16
0 2 6 7 8 9 13 14 15 16
0 3 4 5 10 11 12 13 17
3 4 5 9 10 11 13 15 17
2 5 6 7 8 9 10 14 15 16
1 2 4 6 9 10 12 14 15 16
3 4 6 8 9 13 15 17
2 6 7 8 9 10 14 15 16
3 4 5 6 9 11 13 14 15 17
3 4 5 9 11 12 13 15 17
0 3 4 5 9 11 12 13 17
0 2 6 7 8 9 11 14 16
1 2 3 4 5 6 7 8 11 12 13 15 17
1 5 6 8 10 14 15 16
2 3 4 5 6 7 8 9 11 12 13 14 15 17
1 3 5 6 7 8 10 12 14 16
2 3 4 5 6 9 10 11 12 13 15 17
1 2 5 6 7 8 9 14 15 16
0 2 3 7 8 9 13 14 15 17
3 4 5 11 12 13 17
3 4 5 11 12 13 17
0 1 2 5 6 7 8 9 10 11 12 13 16
3 4 5 9 11 12 13 15 17
0 2 5 6 7 8 9 12 15 16
0 2 4 5 6 8 9 12 13 16
0 1 2 5 6 7 8 9 10 11 12 15 16
0 1 3 4 5 9 10 12 17
0 1 3 4 5 10 12 13 15 17
1 4 5 9 10 12 13 16
0 2 6 7 9 10 16
0 1 2 4 5 6 7 9 10 14 16
1 2 5 6 7 9 14 15 16
1 3 4 5 12 13 15 17
0 1 2 5 6 7 9 14 15 16
0 1 2 6 7 8 9 14 16
1 2 3 4 5 10 11 13 16
1 2 4 5 7 9 12 13 15 16
1 3 4 5 11 12 13 15 17
1 3 4 5 10 11 13 16
0 2 6 7 8 10 14 15 16
1 3 4 5 12 17
3 4 5 11 12 13 15 17
3 4 5 11 12 13 15 17
0 1 2 5 7 8 10 12 14 15 16
0 1 2 4 5 6 7 8 9 10 12 13 16
0 1 3 4 5 10 12 13 16
0 1 2 4 5 7 8 9 10 15 16
0 1 2 3 4 5 10 11 12 13 15 16
0 1 4 5 10 11 12 13 14 16
2 4 5 7 10 16
0 1 2 4 5 7 8 10 13 16
1 2 3 4 5 11 12 13 16
0 2 6 7 8 10 14 16
5 10 11 13 16
0 1 7 8 10 14 16
0 1 3 4 5 10 11 12 13 15 17
5 7 8 11 12 17
0 1 5 10 12 15 16
0 1 2 7 10 14 15 16
0 1 2 4 5 7 10 12 14 15 16
0 1 4 10 12 13 15 16
1 2 4 5 7 15 16
1 3 5 9 11 12 13 17
1 3 4 5 13 17
1 3 4 5 9 10 11 12 13 17
2 3 5 6 7 8 9 11 13 15 17
1 3 4 5 9 11 13 17
0 1 3 4 5 9 11 12 13 15 17
3 4 5 11 12 13 15 17
0 2 4 5 8 9 12 13 15 16
3 4 5 10 11 12 13 16
0 2 5 6 7 8 11 13 14 15 16
3 4 5 11 12 13 17
3 4 5 10 11 12 13 15 17
0 2 5 6 7 8 9 10 15 16
3 4 5 9 11 12 13 15 17
0 1 2 3 4 5 6 7 9 13 15 17
0 1 2 6 7 8 15 16
1 2 5 6 7 9 15 16
0 1 3 4 5 9 12 13 15 17
0 1 2 6 7 8 9 10 12 15 16
0 1 2 6 7 9 15 16
0 1 2 6 7 8 15 16
0 1 2 3 4 5 6 7 9 12 13 15 17
1 2 4 5 6 7 10 12 14 15 16
2 5 6 7 8 10 14 15 16
1 2 5 6 7 8 10 13 14 15 16
1 2 6 7 8 9 10 13 14 15 16
2 6 7 9 10 14 16
0 2 6 7 8 9 14 15 16
3 4 5 6 7 9 11 12 13 15 17
6 7 8 9 12 14 15 16
0 2 6 7 8 9 11 14 15 16
2 3 4 5 8 9 11 12 13 15 17
2 6 7 8 9 15 16
3 4 5 10 11 12 13 15 17
3 4 5 11 12 13 15 17
1 3 4 5 9 11 12 13 17